0/0 16/0 3/0 29/0 0/0 14/0 9/0 25/0 23/0 0/0 14/0 12/0 0/0 25/0 12/0 0/0 31/0 6/0 0/0 11/0 37/0 21/0 3/0 0/0 15/0 14/0 10/0 0/0 40/0 11/0
0/18 0 0 0 21/22 0 0 0 0 0/6 0 0 21/7 0 0 18/4 0 0 0/19 0 0 0 0 23/8 0 0 0 0/12 0 0
0/42 0 0 0 0 0 0 0 0 39/41 0 0 0 0 0 0 0 0 14/43 0 0 0 0 0 0 0 0 18/10 0 0
0/0 7/0 41/13 0 0 11/33 0 0 0 0 0 14/10 0 0 16/42 0 0 0 0 0 0 0 6/4 0 0 19/10 0 0 0 0
0/21 0 0 0 0 0 23/7 0 0 0 11/38 0 0 0 0 0 0 16/10 38/10 0 0 0 0 26/20 0 0 0
0/10 0 0 16/13 0 0 0 14/28 0 0 0 0 11/10 0 0 16/20 0 0 0 10/11 0 0 0 0 11/29 0 0 0 0 4/0
0/11 0 0 0 0 22/29 0 0 0 0 0 35/28 0 0 0 0 14/16 0 0 0 0 0 23/15 0 0 0 0 16/3 0 0
0/0 29/17 0 0 12/14 0 0 0 39/14 0 0 0 0 7/26 0 0 0 0 6/38 0 0 0 0 0 0 29/22 0 0 0 0
0/25 0 0 0 0 0 0 10/10 0 0 5/16 0 0 0 0 23/6 0 0 0 17/9 0 0 0 24/16 0 0 0 0 38/0 11/0
0/10 0 0 29/34 0 0 0 0 0 38/11 0 0 0 0 15/9 0 0 14/7 0 0 6/32 0 0 0 0 0 12/7 0 0 0
0/18 0 0 0 0 0 16/18 0 0 0 0 0 7/16 0 0 0 0 0 29/22 0 0 0 0 0 33/16 0 0 0 0 0
0/17 0 0 0 15/22 0 0 0 0 0 39/10 0 0 25/16 0 0 35/25 0 0 0 0 37/35 0 0 0 0 0 14/5 0 0
0/0 16/0 30/23 0 0 0 0 27/20 0 0 0 10/18 0 0 0 12/19 0 0 0 0 12/4 0 0 9/22 0 0 0 0 0 0
0/18 0 0 0 0 18/39 0 0 0 0 0 0 11/11 0 0 0 0 23/29 0 0 0 0 22/23 0 0 0 27/9 0 0 19/0
0/10 0 0 17/13 0 0 0 0 16/17 0 0 0 0 0 32/30 0 0 0 0 8/16 0 0 0 0 0 12/24 0 0 0 0
0/10 0 0 16/13 0 0 0 14/28 0 0 0 0 11/10 0 0 16/20 0 0 0 10/11 0 0 0 0 11/29 0 0 0 0 4/0
0/11 0 0 0 0 22/29 0 0 0 0 0 25/28 0 0 0 0 14/16 0 0 0 0 0 23/15 0 0 0 0 16/3 0 0
0/0 29/17 0 0 12/14 0 0 0 39/14 0 0 0 0 7/26 0 0 0 0 6/38 0 0 0 0 0 0 29/22 0 0 0 0
0/25 0 0 0 0 0 0 10/10 0 0 5/16 0 0 0 0 23/6 0 0 0 17/9 0 0 0 24/16 0 0 0 0 38/0 11/0
0/10 0 0 29/34 0 0 0 0 0 38/11 0 0 0 0 15/9 0 0 14/70 0 6/32 0 0 0 0 0 12/7 0 0 0
0/18 0 0 0 0 0 16/18 0 0 0 0 0 7/16 0 0 0 0 0 29/22 0 0 0 0 0 33/16 0 0 0 0 0
0/17 0 0 0 15/22 0 0 0 0 0 39/10 0 0 25/16 0 0 35/25 0 0 0 0 37/35 0 0 0 0 0 14/5 0 0
0/0 16/0 30/23 0 0 0 0 27/20 0 0 0 10/18 0 0 0 12/19 0 0 0 0 12/4 0 0 9/22 0 0 0 0 0 0
0/18 0 0 0 0 18/39 0 0 0 0 0 0 11/11 0 0 0 0 23/29 0 0 0 0 22/23 0 0 0 27/9 0 0 19/0
0/10 0 0 17/13 0 0 0 0 16/17 0 0 0 0 0 32/30 0 0 0 0 8/16 0 0 0 0 0 12/24 0 0 0 0
0/0 13/24 0 0 0 0 29/25 0 0 0 0 30/17 0 0 0 20/8 0 0 7/20 0 0 0 0 30/17 0 0 0 14/17 0 0
0/12 0 0 0 13/22 0 0 0 0 6/20 0 0 0 10/27 0 0 0 0 0 0 10/22 0 0 0 7/35 0 0 0 0 0
0/26 0 0 0 0 3/13 0 0 15/28 0 0 0 0 0 0 0 14/6 0 0 15/16 0 0 0 0 0 9/8 0 0 17/0 8/0
0/4 0 0 0/43 0 0 0 0 0 0 0 0 0/43 0 0 0 0 0 0 0 0 0/37 0 0 0 0 0 0 0 0
0/11 0 0 0/11 0 0 0/25 0 0 0 0 0/4 0 0 0/16 0 0 0/16 0 0 0/14 0 0 0 0 0/12 0 0 0